10
0 41 18467 6334 26500 19169 15724 11478 29358 26962 
41 0 24464 5705 28145 23281 16827 9961 491 2995 
18467 24464 0 11942 4827 5436 32391 14604 3902 153 
6334 5705 11942 0 292 12382 17421 18716 19718 19895 
26500 28145 4827 292 0 5447 21726 14771 11538 1869 
19169 23281 5436 12382 5447 0 19912 25667 26299 17035 
15724 16827 32391 17421 21726 19912 0 9894 28703 23811 
11478 9961 14604 18716 14771 25667 9894 0 31322 30333 
29358 491 3902 19718 11538 26299 28703 31322 0 17673 
26962 2995 153 19895 1869 17035 23811 30333 17673 0 
2