100
0 41 18467 6334 26500 19169 15724 11478 29358 26962 24464 5705 28145 23281 16827 9961 491 2995 11942 4827 5436 32391 14604 3902 153 292 12382 17421 18716 19718 19895 5447 21726 14771 11538 1869 19912 25667 26299 17035 9894 28703 23811 31322 30333 17673 4664 15141 7711 28253 6868 25547 27644 32662 32757 20037 12859 8723 9741 27529 778 12316 3035 22190 1842 288 30106 9040 8942 19264 22648 27446 23805 15890 6729 24370 15350 15006 31101 24393 3548 19629 12623 24084 19954 18756 11840 4966 7376 13931 26308 16944 32439 24626 11323 5537 21538 16118 2082 22929 
41 0 16541 4833 31115 4639 29658 22704 9930 13977 2306 31673 22386 5021 28745 26924 19072 6270 5829 26777 15573 5097 16512 23986 13290 9161 18636 22355 24767 23655 15574 4031 12052 27350 1150 16941 21724 13966 3430 31107 30191 18007 11337 15457 12287 27753 10383 14945 8909 32209 9758 24221 18588 6422 24946 27506 13030 16413 29168 900 32591 18762 1655 17410 6359 27624 20537 21548 6483 27595 4041 3602 24350 10291 30836 9374 11020 4596 24021 27348 23199 19668 24484 8281 4734 53 1999 26418 27938 6900 3788 18127 467 3728 14893 24648 22483 17807 2421 14310 
18467 16541 0 6617 22813 9514 14309 7616 18935 17451 20600 5249 16519 31556 22798 30303 6224 11008 5844 32609 14989 32702 3195 20485 3093 14343 30523 1587 29314 9503 7448 25200 13458 6618 20580 19796 14798 15281 19589 20798 28009 27157 20472 23622 18538 12292 6038 24179 18190 29657 7958 6191 19815 22888 19156 11511 16202 2634 24272 20055 20328 22646 26362 4886 18875 28433 29869 20142 23844 1416 21881 31998 10322 18651 10021 5699 3557 28476 27892 24389 5075 10712 2600 2510 21003 26869 17861 14688 13401 9789 15255 16423 5002 10585 24182 10285 27088 31426 28617 23757 
6334 4833 6617 0 9832 30932 4169 2154 25721 17189 19976 31329 2368 28692 21425 10555 3434 16549 7441 9512 30145 18060 21718 3753 16139 12423 16279 25996 16687 12529 22549 17437 19866 12949 193 23195 3297 20416 28286 16105 24488 16282 12455 25734 18114 11701 31316 20671 5786 12263 4313 24355 31185 20053 912 10808 1832 20945 4313 27756 28321 19558 23646 27982 481 4144 23196 20222 7129 2161 5535 20450 11173 10466 12044 21659 26292 26439 17253 20024 26154 29510 4745 20649 13186 8313 4474 28022 2168 14018 18787 9905 17958 7391 10202 3625 26477 4414 9314 25824 
26500 31115 22813 9832 0 29334 25874 24372 20159 11833 28070 7487 28297 7518 8177 17773 32270 1763 2668 17192 13985 3102 8480 29213 7627 4802 4099 30527 2625 1543 1924 11023 29972 13061 14181 31003 27432 17505 27593 22725 13031 8492 142 17222 31286 13064 7900 19187 8360 22413 30974 14270 29170 235 30833 19711 25760 18896 4667 7285 12550 140 13694 2695 21624 28019 2125 26576 21694 22658 26302 17371 22466 4678 22593 23851 25484 1018 28464 21119 23152 2800 18087 31060 1926 9010 4757 32170 20315 9576 30227 12043 22758 7164 5109 7882 17086 29565 3487 29577 
19169 4639 9514 30932 29334 0 14474 2625 25627 5629 31928 25423 28520 6902 14962 123 24596 3737 13261 10195 32525 1264 8260 6202 8116 5030 20326 29011 30771 6411 25547 21153 21520 29790 14924 30188 21763 4940 20851 18662 13829 30900 17713 18958 17578 8365 13007 11477 1200 26058 6439 2303 12760 19357 2324 6477 5108 21113 14887 19801 22850 14460 22428 12993 27384 19405 6540 31111 28704 12835 32356 6072 29350 18823 14485 20556 23216 1626 9357 8526 13357 29337 23271 23869 29361 12896 13022 29617 10112 12717 18696 11585 24041 24423 24129 24229 4565 6559 8932 22296 
15724 29658 14309 4169 25874 14474 0 29855 12053 16962 3584 29734 6654 16972 21457 14369 22532 2963 2607 2483 911 11635 10067 22848 4675 12938 2223 22142 23754 6511 22741 20175 21459 17825 3221 17870 1626 31934 15205 31783 23850 17398 22279 22701 12193 12734 1637 26534 5556 1993 10176 25705 6962 10548 15881 300 14413 16641 19855 24855 13142 11462 27611 30877 20424 32678 1752 18443 28296 12673 10040 9313 875 20072 12818 610 1017 14932 28112 30695 13169 23831 20040 26488 28685 19090 19497 2589 25990 15145 19353 19314 18651 26740 22044 11258 335 8759 11192 7605 
11478 22704 7616 2154 24372 2625 29855 0 25264 12181 28503 3829 23775 20608 29292 5997 17549 29556 25561 31627 6467 29541 26129 31240 27813 29174 20601 6077 20215 8683 8213 23992 25824 5601 23392 15759 2670 26428 28027 4084 10075 18786 15498 24970 6287 23847 32604 503 21221 22663 5706 2363 9010 22171 27489 18240 12164 25542 7619 20913 7591 6704 31818 9232 750 25205 4975 1539 303 11422 21098 11247 13584 13648 2971 17864 22913 11075 21545 28712 17546 18678 1769 15262 8519 13985 28289 15944 2865 18540 23245 25508 28318 27870 9601 28323 21132 24472 27152 25087 
29358 9930 18935 25721 20159 25627 12053 25264 0 28570 29763 29901 17103 14423 3527 11600 26969 14015 5565 28 21543 25347 2088 2943 12637 22409 26463 5049 4681 1588 11342 608 32060 21221 1758 29954 20888 14146 690 7949 12843 21430 25620 748 27067 4536 20783 18035 32226 15185 7038 9853 25629 11224 15748 19923 3359 32257 24766 4944 14955 23318 32726 25411 21025 20355 31001 22549 9496 18584 9515 17964 23342 8075 17913 16142 31196 21948 25072 20426 14606 26173 24429 32404 6705 20626 29812 19375 30093 16565 16036 14736 29141 30814 5994 8256 6652 23936 30838 20482 
26962 13977 17451 17189 11833 5629 16962 12181 28570 0 1355 21015 1131 18230 17841 14625 2011 32637 4186 19690 1650 5662 21634 10893 10353 21416 13452 14008 7262 22233 5454 16303 16634 26303 14256 148 11124 12317 4213 27109 24028 29200 21080 21318 16858 24050 24155 31361 15264 11903 3676 29643 26909 14902 3561 28489 24948 1282 13653 30674 2220 5402 6923 3831 19369 3878 20259 19008 22619 23971 30003 21945 9781 26504 12392 32685 25313 6698 5589 12722 5938 19037 6410 31461 6234 12508 9961 3959 6493 1515 25269 24937 28869 58 14700 13971 26264 15117 16215 24555 
24464 2306 20600 19976 28070 31928 3584 28503 29763 1355 0 7815 18330 3039 30212 29288 28082 1954 16085 20710 24484 24774 8380 29815 25951 6541 18115 1679 17110 25898 23073 788 23977 18132 29956 28689 26113 10008 12941 15790 1723 21363 28 25184 24778 7200 5071 1885 21974 1071 11333 22867 26153 14295 32168 20825 9676 15629 28650 2598 3309 4693 4686 30080 10116 12249 26667 1528 26679 7864 29421 8405 8826 6816 7516 27726 28666 29087 27681 19964 1340 5686 6021 11662 14721 6064 29309 20415 17902 29873 17124 23941 32745 31762 28423 27531 4806 12268 9318 5602 
5705 31673 5249 31329 7487 25423 29734 3829 29901 21015 7815 0 31907 24307 23481 1012 21136 26630 24114 26809 4084 23556 12290 21293 29996 29152 1054 25345 14708 248 7491 13712 5131 30114 16439 7958 24722 29704 6995 1052 25269 7479 18238 26423 27918 10866 17659 32498 28486 21196 7462 26633 12158 12022 1146 18392 13037 3925 10647 29458 6602 30807 4098 27830 29292 14600 7278 20799 18352 20448 13882 540 28315 4575 8762 9567 22336 18397 31418 19897 25828 13851 26816 24230 4449 16925 658 229 24520 10940 29560 15147 25162 1655 20675 792 22361 31754 16398 23146 
28145 22386 16519 2368 28297 28520 6654 23775 17103 1131 18330 31907 0 8714 26946 21188 19569 8638 27663 15075 24515 11521 475 15615 20528 13234 12570 905 9464 19557 28962 14161 30524 12549 17469 330 31923 28350 14333 22925 10910 19737 16336 18337 1278 12393 7636 30714 28164 31591 19949 19135 2505 13337 10004 16337 2623 28664 9970 25608 30568 19281 7085 9152 18373 28652 8194 9876 23826 28396 7572 6249 14640 29174 18819 943 32611 1941 20289 8419 5565 3805 7585 16216 31450 1615 2609 11064 9166 16893 16074 13509 30300 19695 9573 15589 13161 31172 17968 27358 
23281 5021 31556 28692 7518 6902 16972 20608 14423 18230 3039 24307 8714 0 26031 26268 19426 28510 10422 30774 8779 30910 23552 4182 25391 15495 5764 874 1364 14902 28255 4460 474 6972 26821 26122 25547 21577 9789 25605 30195 27594 7950 16343 754 2481 1012 11672 23439 13428 5912 9762 5967 24408 4415 1908 17223 11759 26434 5204 29486 4319 958 5945 26806 8166 18700 11367 17692 21787 28532 30556 30974 3447 5021 18283 26222 29331 2376 28583 26948 12723 17982 22018 14776 9220 31111 32182 23856 19490 8925 4324 6486 19677 15969 11643 7534 15677 22668 31068 
16827 28745 22798 21425 8177 14962 21457 29292 3527 17841 30212 23481 26946 26031 0 21991 32196 7783 16828 7727 29426 15871 10697 17612 18703 11027 11408 5545 9508 7185 30238 24237 26443 21313 22501 8850 25128 2111 23650 28149 11192 1454 15869 681 27465 20267 17713 19793 18634 25472 20972 22830 24901 28442 5177 13877 25770 702 14364 1381 16590 8823 2237 8023 32179 16595 20169 2327 12042 31310 28182 11058 7926 9487 1670 32528 5651 2258 7213 9860 25783 21286 2742 8610 4472 7128 18434 5841 20718 3503 14867 24865 10938 1881 9257 22750 28614 18598 28458 2661 
9961 26924 30303 10555 17773 123 14369 5997 11600 14625 29288 1012 21188 26268 21991 0 26063 32756 20807 20278 19489 19435 6365 32075 7586 1386 7833 8360 13330 26048 8928 29492 12433 23840 6766 1735 19810 11599 11837 21892 31982 7328 29352 11369 31244 21794 6608 9252 11647 17432 9535 7208 3264 3497 23243 27649 22015 26841 189 16100 19812 30648 9523 19851 24474 28633 29891 27200 19854 9990 25697 4919 17780 22578 12931 32544 3340 13487 899 22525 8483 5538 7492 6193 28252 25011 1560 15834 1840 31497 2785 18529 31540 18805 28791 13392 13210 13549 21578 26979 
491 19072 6224 3434 32270 24596 22532 17549 26969 2011 28082 21136 19569 19426 32196 26063 0 30971 9277 73 20193 1620 21497 13826 31276 19790 6582 13578 11159 20418 26489 159 3449 12924 9072 10380 27008 27967 10208 6477 18503 15370 32607 14196 12074 13722 12611 19019 28761 11056 12890 31163 16683 13716 19932 25452 2741 4954 6813 2862 10396 15460 20615 10904 2599 20136 4680 9198 27032 14387 32584 7240 3517 17006 8670 241 18882 25249 3523 31758 12105 29621 17095 7296 9916 15678 10178 13579 25058 27577 12750 14007 23729 24081 2995 2678 24676 27753 20899 11784 
2995 6270 11008 16549 1763 3737 2963 29556 14015 32637 1954 26630 8638 28510 7783 32756 30971 0 15565 3093 13608 6172 11243 29929 7514 10168 5055 11191 5973 8922 6748 5651 10986 2144 16446 31577 26517 14629 29916 5874 15791 15469 22912 8146 30693 9091 9815 26949 26857 20640 26052 236 8551 9487 31226 28162 16955 23183 8394 30180 16097 3065 27065 2513 9261 12578 21078 16878 14140 4611 31947 2445 170 29975 13489 24750 6149 3333 13865 22214 17282 27007 27432 8896 16367 28522 4882 31810 17641 7231 2187 6705 6479 6321 6538 31351 19447 24208 9646 22276 
11942 5829 5844 7441 2668 13261 2607 25561 5565 4186 16085 24114 27663 10422 16828 20807 9277 15565 0 25759 30189 30422 27666 8486 3455 2028 29614 4860 29253 11777 31348 12503 10861 22431 29082 12455 14197 22106 8752 15821 17296 26281 26021 24455 15947 27124 18318 9135 11376 1774 29859 24998 12074 9253 6922 10635 1643 28888 8153 13232 4747 28680 19926 25678 6450 14801 24961 14199 20855 26363 5716 10573 31561 23245 6473 28274 1550 24353 1181 4287 2699 18110 18643 17465 7172 2529 9981 2112 13476 4381 8247 26890 16671 8805 32372 30032 3989 9320 23165 15431 
4827 26777 32609 9512 17192 10195 2483 31627 28 19690 20710 26809 15075 30774 7727 20278 73 3093 25759 0 9658 11293 17206 26578 16948 2206 27171 18166 3396 16697 31020 23694 15529 14788 30109 17984 11969 28978 21617 4015 16626 3684 9168 17906 25928 12097 28118 24390 15199 11785 14486 19199 12420 20710 18271 15813 27415 6085 318 3580 1331 7267 8387 13444 23186 14507 4360 17827 28074 26431 7152 30271 10268 4693 19885 337 31311 17604 12677 406 7768 29022 19413 5000 542 17537 30038 21388 7355 13289 31647 3181 13093 16584 10987 10761 20493 8217 9501 17482 
5436 15573 14989 30145 13985 32525 911 6467 21543 1650 24484 4084 24515 8779 29426 19489 20193 13608 30189 9658 0 29447 15665 10753 22104 15084 19095 13525 30221 3964 21781 4872 8106 3656 3343 22593 27080 16080 14868 21411 13713 20968 3251 27216 12079 28768 17040 31531 12933 23779 20663 12259 26653 27936 2095 24365 11874 7720 26835 25680 8976 18455 5725 4071 24808 13559 9156 5602 17832 7905 10440 7375 21562 22885 21962 21080 1836 10797 31202 10508 10080 5340 12076 9058 31493 7740 8546 20474 24773 19097 8880 23335 11072 23400 707 22955 20666 4141 23588 12481 
32391 5097 32702 18060 3102 1264 11635 29541 25347 5662 24774 23556 11521 30910 15871 19435 1620 6172 30422 11293 29447 0 17168 28315 19396 16225 1009 22012 18136 11455 18762 25043 742 21 17922 24512 9248 26018 27368 23717 9714 17650 13290 3335 12759 3169 21895 5303 22640 21979 24199 29105 24791 18661 8681 3652 8753 24033 32029 15987 7042 26253 20083 11420 15814 32718 12244 31063 7229 20652 18864 4769 30470 15005 21047 1594 21487 24326 3276 21323 6540 7679 23990 32588 24710 29271 17945 29221 28470 20183 23589 23955 4978 24779 5006 13262 20135 23487 27196 29033 
14604 16512 3195 21718 8480 8260 10067 26129 2088 21634 8380 12290 475 23552 10697 6365 21497 11243 27666 17206 15665 17168 0 2088 12935 19779 15993 14790 24962 18965 11001 19105 11807 24567 2669 3134 32671 1457 12998 3545 13597 14218 8838 14844 7372 8563 21028 29264 28801 14723 13490 7604 31601 24227 11197 23692 19771 20363 29301 22363 7721 3565 17421 23445 18610 495 16741 15022 31812 29151 23015 8055 3393 8738 15279 19882 1608 12654 3822 32707 24245 1338 144 22290 31339 23154 24604 4623 22225 20078 21724 31981 2330 29733 28223 20594 29130 18846 4987 29445 
3902 23986 20485 3753 29213 6202 22848 31240 2943 10893 29815 21293 15615 4182 17612 32075 13826 29929 8486 26578 10753 28315 2088 0 18805 8616 5750 20489 27338 21963 28135 14697 32209 21630 23224 1908 26737 24474 31920 27372 10293 3855 6734 9561 31056 27606 8184 7075 28382 14119 6741 30432 24684 12779 12279 18283 20667 30836 24125 24118 12737 18028 32119 20577 10737 14091 20556 22795 16060 21901 8793 3432 2136 4580 14875 5907 21184 28074 8719 26790 20476 30041 3351 8329 16290 22974 23072 3591 12189 15787 31490 3239 14893 3053 17063 10681 25903 27005 24176 18479 
153 13290 3093 16139 7627 8116 4675 27813 12637 10353 25951 29996 20528 25391 18703 7586 31276 7514 3455 16948 22104 19396 12935 18805 0 1695 6139 32468 13998 21083 23639 29515 27621 29993 15826 15722 23838 24828 12581 24399 8978 11891 1023 26943 24834 14243 7349 2702 8707 20502 25141 10687 8346 15891 24637 18413 11400 22816 31690 13162 8935 29126 19410 19877 11382 26260 27189 26705 13874 2663 20722 32195 22566 16360 6038 18588 7811 28245 9467 32425 26867 13189 10542 13063 21547 30502 29617 9099 25023 17226 31203 30048 21051 1570 8636 9458 25967 8456 9405 11531 
292 9161 14343 12423 4802 5030 12938 29174 22409 21416 6541 29152 13234 15495 11027 1386 19790 10168 2028 2206 15084 16225 19779 8616 1695 0 29962 26819 7975 10556 7531 31495 8044 30591 26803 3388 18915 7450 12319 6272 25791 29383 10133 1775 24642 23569 18300 17954 12078 3585 2257 25333 893 10490 10103 4750 17233 10722 24271 19611 18990 30338 21641 23258 19047 2352 9658 479 25302 32683 18990 10002 15568 4422 16895 6135 18008 12361 16742 22194 23699 23188 20178 4042 31357 23941 1847 7469 16345 4380 31913 14964 25710 20061 25385 20073 27504 9462 32703 28102 
12382 18636 30523 16279 4099 20326 2223 20601 26463 13452 18115 1054 12570 5764 11408 7833 6582 5055 29614 27171 19095 1009 15993 5750 6139 29962 0 11069 5154 3529 31552 32074 19149 3730 2244 10844 13049 14118 24065 26363 19552 28773 18470 29731 6747 7511 5869 14398 10498 7103 27352 25679 28053 13043 14522 31088 1563 25834 9850 17022 7240 21911 9492 5651 28580 15477 27616 29876 19178 5220 14615 22348 26798 32179 31635 16857 2883 1662 18902 28262 19420 19770 19022 9273 25841 12686 28888 3917 31717 1892 13698 11267 11749 65 10389 6932 25619 16081 2003 29130 
17421 22355 1587 25996 30527 29011 22142 6077 5049 14008 1679 25345 905 874 5545 8360 13578 11191 4860 18166 13525 22012 14790 20489 32468 26819 11069 0 13028 18631 14589 23152 18630 19172 19864 6407 12295 25428 29681 18490 26610 26177 31071 25236 6459 20643 16840 27633 27037 23893 22630 20274 12993 28782 32203 17461 8290 19662 22307 20997 31151 18423 8890 16717 6640 28703 5566 4883 23661 22659 18245 20386 32651 32765 19601 16840 17209 1497 27283 29250 18058 8421 175 30581 26787 3271 4287 27999 12504 24979 2138 10700 530 2461 12118 205 7540 18828 24459 11622 
18716 24767 29314 16687 2625 30771 23754 20215 4681 7262 17110 14708 9464 1364 9508 13330 11159 5973 29253 3396 30221 18136 24962 27338 13998 7975 5154 13028 0 14398 3760 27098 12935 10481 30614 19567 18493 28596 19161 7746 10538 7670 20538 21476 21555 24917 16371 16760 5752 13758 15433 32255 29065 726 2401 3034 12759 10393 30548 27273 18792 16193 12933 30137 17103 3690 28211 13694 24668 32627 7498 989 15248 3879 11647 11149 30931 669 30875 25598 25449 25436 24599 20123 1443 1731 18154 22861 4434 9385 23967 10816 11393 16704 29866 30953 30308 28223 18684 30792 
19718 23655 9503 12529 1543 6411 6511 8683 1588 22233 25898 248 19557 14902 7185 26048 20418 8922 11777 16697 3964 11455 18965 21963 21083 10556 3529 18631 14398 0 22667 10048 32469 13930 30811 19814 16090 5427 23743 1604 10599 16474 7195 506 5158 17589 9858 27809 17889 11447 40 3818 9364 17975 26 25089 2503 30066 26412 6840 12570 14676 25395 28641 29986 17651 21109 8187 20083 21085 23390 31250 18686 4755 11381 28128 25502 24277 30862 26424 3565 3872 832 30885 14428 6646 20889 6478 10883 24925 21265 31260 5045 20778 5821 13855 2520 12927 24773 25134 
19895 15574 7448 22549 1924 25547 22741 8213 11342 5454 23073 7491 28962 28255 30238 8928 26489 6748 31348 31020 21781 18762 11001 28135 23639 7531 31552 14589 3760 22667 0 27251 22675 13336 16334 21001 2737 9310 5974 7590 20356 1071 32080 10935 32145 17282 1825 18718 13573 4712 13037 4998 9905 7162 1717 8692 19539 28047 10946 19103 30231 24115 839 25858 20829 2645 3394 17199 19645 14272 675 21862 32072 13773 2480 11238 26897 3542 29608 19203 23277 6125 20134 1401 9078 18382 20169 20736 27478 17939 21138 18721 31426 10663 1677 21575 6724 25981 27700 7961 
5447 4031 25200 17437 11023 21153 20175 23992 608 16303 788 13712 14161 4460 24237 29492 159 5651 12503 23694 4872 25043 19105 14697 29515 31495 32074 23152 27098 10048 27251 0 28862 16002 18448 25095 684 24016 15137 9507 13993 21284 2944 30259 821 7058 24643 17668 10677 119 29857 23041 8891 25264 1623 6915 8072 17929 841 4715 17615 12536 14957 27759 700 13452 5093 24241 11829 12448 5227 11798 16224 10324 12274 18133 22885 15038 12170 6862 32629 5084 11909 14878 6923 27085 29400 23024 14193 23105 9412 15765 5767 15407 10677 13784 704 14790 9834 10891 
21726 12052 13458 19866 29972 21520 21459 25824 32060 16634 23977 5131 30524 474 26443 12433 3449 10986 10861 15529 8106 742 11807 32209 27621 8044 19149 18630 12935 32469 22675 28862 0 621 18085 27734 25190 20542 17998 22086 32018 15621 30424 22597 21376 24254 29669 18108 12927 12493 26068 6366 9102 2438 12600 10819 14318 2290 14984 16339 2556 25808 4632 21478 26814 13787 7239 28074 25020 10827 2554 1988 7441 16798 13642 19002 16321 30104 13946 7056 18509 29833 17708 19761 6533 20686 14804 26385 10142 18842 17260 22161 31620 4343 9578 1187 113 13063 4591 5934 
14771 27350 6618 12949 13061 29790 17825 5601 21221 26303 18132 30114 12549 6972 21313 23840 12924 2144 22431 14788 3656 21 24567 21630 29993 30591 3730 19172 10481 13930 13336 16002 621 0 20415 656 29761 25012 28411 11959 16251 18738 13370 26124 5507 8007 17584 10951 23101 14489 24958 15441 1790 17013 30412 14855 21060 7093 8472 25402 32676 13543 7373 6266 27651 15275 21528 532 10761 5469 32503 32729 17107 27892 2451 17953 28392 22570 13519 19472 23407 22494 9505 28440 20383 14262 21409 28607 18038 4360 5471 11171 20654 29947 11514 14523 21229 489 6766 17887 
11538 1150 20580 193 14181 14924 3221 23392 1758 14256 29956 16439 17469 26821 22501 6766 9072 16446 29082 30109 3343 17922 2669 23224 15826 26803 2244 19864 30614 30811 16334 18448 18085 20415 0 29756 26632 7470 25739 20666 8522 7283 8160 17553 24705 27091 1259 25386 31687 4629 42 28317 22045 12356 13388 25452 3154 30466 11833 27760 26919 25631 6738 21267 25776 21098 24314 16320 13053 24007 16469 24216 9722 19842 29007 15463 26260 30947 13793 28630 18717 23043 31376 25314 16626 17117 1334 20620 14171 26792 8964 19154 18866 14693 30664 23775 13000 12212 21100 7551 
1869 16941 19796 23195 31003 30188 17870 15759 29954 148 28689 7958 330 26122 8850 1735 10380 31577 12455 17984 22593 24512 3134 1908 15722 3388 10844 6407 19567 19814 21001 25095 27734 656 29756 0 25476 6379 10943 17877 3789 361 11385 8272 11434 15144 29561 25563 14504 12946 23888 20308 12157 1430 5123 6464 4074 4346 13837 1981 25318 26611 16292 17591 3832 27123 6461 16991 31461 27330 28498 17369 17291 8400 14179 24117 2317 19914 1595 1441 5936 21867 7028 31453 27909 13973 17981 11503 26569 6816 1883 25367 5385 28402 5230 17157 28681 15567 8310 1866 
19912 21724 14798 3297 27432 21763 1626 2670 20888 11124 26113 24722 31923 25547 25128 19810 27008 26517 14197 11969 27080 9248 32671 26737 23838 18915 13049 12295 18493 16090 2737 684 25190 29761 26632 25476 0 3687 13171 3477 31245 32764 6238 27671 2047 26115 4592 27311 32657 1405 53 7171 20580 22740 22530 13675 24320 25790 13377 10998 16586 21604 4489 19631 29744 8388 26610 18718 26919 18259 5927 14609 28119 21479 22716 6300 21396 16853 11458 20830 24593 30806 29849 14854 24272 26160 12294 12054 26333 146 4229 10471 10428 10559 22241 29421 22688 16366 12033 26685 
25667 13966 15281 20416 17505 4940 31934 26428 14146 12317 10008 29704 28350 21577 2111 11599 27967 14629 22106 28978 16080 26018 1457 24474 24828 7450 14118 25428 28596 5427 9310 24016 20542 25012 7470 6379 3687 0 2270 25329 32261 22860 2208 8982 22162 32506 6878 11979 1897 7887 6538 14469 30783 17540 22795 7266 18633 13509 24557 2317 26134 32053 18135 12258 2593 17843 21693 16466 22951 18140 11094 12937 5174 2512 6097 9551 2695 21817 23492 21292 20237 27530 613 25296 21710 32389 5628 5809 28786 31744 18840 8182 28569 6120 27393 6292 14962 14214 12527 26807 
26299 3430 19589 28286 27593 20851 15205 28027 690 4213 12941 6995 14333 9789 23650 11837 10208 29916 8752 21617 14868 27368 12998 31920 12581 12319 24065 29681 19161 23743 5974 15137 17998 28411 25739 10943 13171 2270 0 13194 8705 14713 7011 18913 6693 19664 26203 28995 17762 14381 26946 29909 1048 21768 26624 22511 7954 4235 1127 14633 28240 1862 15127 27577 23817 2340 10142 15100 28400 6558 21476 3154 10935 16430 5831 21295 3537 15623 17922 2927 28029 30211 16211 11754 26880 12253 3293 21321 20785 26528 10443 31000 10555 24671 9270 7452 9375 14631 13640 8934 
17035 31107 20798 16105 22725 18662 31783 4084 7949 27109 15790 1052 22925 25605 28149 21892 6477 5874 15821 4015 21411 23717 3545 27372 24399 6272 26363 18490 7746 1604 7590 9507 22086 11959 20666 17877 3477 25329 13194 0 18040 7986 28834 14248 1539 28765 12796 10312 7262 25052 30731 23987 24464 32557 14248 29556 20170 5450 27182 7301 13293 24099 23332 19044 32331 75 31004 19050 15026 14066 11738 19801 19623 13843 441 3380 19695 7918 3659 1363 12628 6329 1088 28854 8613 24979 18569 666 7679 27577 27837 3402 23115 23292 1723 2872 29448 30323 11153 15948 
9894 30191 28009 24488 13031 13829 23850 10075 12843 24028 1723 25269 10910 30195 11192 31982 18503 15791 17296 16626 13713 9714 13597 10293 8978 25791 19552 26610 10538 10599 20356 13993 32018 16251 8522 3789 31245 32261 8705 18040 0 24395 25197 4508 22908 17411 13993 7665 26781 3202 17610 24828 27256 27705 8965 18023 20769 11715 20253 31805 23684 29478 32145 21840 833 19285 26900 10968 23994 16633 13885 348 18281 18032 16256 29910 10872 8982 23901 12306 10635 17860 32471 29527 7137 8343 9768 28233 3995 29171 7603 28942 18011 7879 31034 14512 24593 530 14161 23234 
28703 18007 27157 16282 8492 30900 17398 18786 21430 29200 21363 7479 19737 27594 1454 7328 15370 15469 26281 3684 20968 17650 14218 3855 11891 29383 28773 26177 7670 16474 1071 21284 15621 18738 7283 361 32764 22860 14713 7986 24395 0 10258 21926 5906 5191 14443 6188 30227 32719 26484 5224 19093 30435 13224 28094 3582 8867 8627 22005 11146 32686 16589 20540 18237 22850 18759 9578 28956 32677 2403 28042 6300 15811 5225 21143 21595 21016 26615 28804 21006 28368 31641 30335 698 1325 28313 28023 22312 24618 18457 18396 8339 21086 32094 7846 27043 31522 12911 16280 
23811 11337 20472 12455 142 17713 22279 15498 25620 21080 28 18238 16336 7950 15869 29352 32607 22912 26021 9168 3251 13290 8838 6734 1023 10133 18470 31071 20538 7195 32080 2944 30424 13370 8160 11385 6238 2208 7011 28834 25197 10258 0 23455 26358 26847 28870 990 3873 4327 3413 3454 31896 12472 24450 17241 4641 5646 23525 28213 16824 17929 8695 25403 12594 7993 26067 22187 4640 25079 10041 18125 12534 4860 23000 4907 32621 27692 25293 5117 7717 20403 3943 17893 10639 29011 26925 24028 19978 10748 2850 22892 26444 10654 23623 24353 12036 31547 21346 826 
31322 15457 23622 25734 17222 18958 22701 24970 748 21318 25184 26423 18337 16343 681 11369 14196 8146 24455 17906 27216 3335 14844 9561 26943 1775 29731 25236 21476 506 10935 30259 22597 26124 17553 8272 27671 8982 18913 14248 4508 21926 23455 0 16061 3904 10238 17571 26886 16405 5299 22056 11728 1267 3751 2019 19991 18166 5717 25846 17093 3187 1421 22912 6867 28299 32444 29897 1201 3328 24942 7104 1768 29768 26641 16296 11262 10720 21244 27918 9625 21219 17584 18174 10984 10459 13149 17014 5695 12503 5032 13851 1537 26814 8363 4651 1219 24290 25917 21683 
30333 12287 18538 18114 31286 17578 12193 6287 27067 16858 24778 27918 1278 754 27465 31244 12074 30693 15947 25928 12079 12759 7372 31056 24834 24642 6747 6459 21555 5158 32145 821 21376 5507 24705 11434 2047 22162 6693 1539 22908 5906 26358 16061 0 31918 26584 27252 3586 31269 26248 12137 2397 424 23168 20027 28148 31993 10382 29271 27669 893 20877 1014 19104 484 2943 11495 26811 1293 28892 6798 1990 11299 14890 8493 29074 1549 13774 9314 20173 24069 29218 26865 16833 15238 19911 13252 6463 6508 25149 23088 12245 6231 31920 10106 19271 12368 6421 15258 
17673 27753 12292 11701 13064 8365 12734 23847 4536 24050 7200 10866 12393 2481 20267 21794 13722 9091 27124 12097 28768 3169 8563 27606 14243 23569 7511 20643 24917 17589 17282 7058 24254 8007 27091 15144 26115 32506 19664 28765 17411 5191 26847 3904 31918 0 4157 9647 4982 18238 24122 17723 906 18706 10189 11156 30345 12351 6923 7118 31550 2097 11836 10591 13406 4510 25813 14651 25880 27844 24743 7741 11245 14578 4949 21705 24514 19785 9227 8624 17204 28356 23917 6227 555 10102 14286 19468 11698 8979 21411 12489 10758 13490 30775 28410 17132 27089 27296 11950 
4664 10383 6038 31316 7900 13007 1637 32604 20783 24155 5071 17659 7636 1012 17713 6608 12611 9815 18318 28118 17040 21895 21028 8184 7349 18300 5869 16840 16371 9858 1825 24643 29669 17584 1259 29561 4592 6878 26203 12796 13993 14443 28870 10238 26584 4157 0 23112 20122 12529 7672 25836 18277 5553 13976 10670 9085 32652 1751 30397 19751 29001 435 16693 15072 17916 6716 25328 1511 32125 11838 27296 18939 11544 1056 12826 12902 26758 24588 12021 22586 14108 29777 12628 21979 26947 12549 1280 13245 25128 14062 10426 4719 10677 29091 4047 13785 23231 7406 8684 
15141 14945 24179 20671 19187 11477 26534 503 18035 31361 1885 32498 30714 11672 19793 9252 19019 26949 9135 24390 31531 5303 29264 7075 2702 17954 14398 27633 16760 27809 18718 17668 18108 10951 25386 25563 27311 11979 28995 10312 7665 6188 990 17571 27252 9647 23112 0 21954 16769 14709 27956 22421 15945 13465 16016 21860 16497 18335 5190 5677 28049 21005 7886 23388 18675 13143 17377 10130 28487 26555 22482 25253 15000 27754 289 32488 25215 12008 31310 940 27799 2997 9707 8454 304 8237 10485 12499 30792 29613 32612 18682 12983 15351 16129 17137 5033 16600 31864 
7711 8909 18190 5786 8360 1200 5556 21221 32226 15264 21974 28486 28164 23439 18634 11647 28761 26857 11376 15199 12933 22640 28801 28382 8707 12078 10498 27037 5752 17889 13573 10677 12927 23101 31687 14504 32657 1897 17762 7262 26781 30227 3873 26886 3586 4982 20122 21954 0 23683 11857 8968 1710 21968 31708 2641 27732 12437 11684 32499 32701 29869 28583 29256 19692 7640 12087 15012 13810 5820 14835 1663 10615 25897 18677 2774 10134 27553 19533 28878 2286 25624 2734 18075 15349 30712 26984 30624 27792 6504 28822 4055 18913 462 24473 20084 24160 31122 26053 19397 
28253 32209 29657 12263 22413 26058 1993 22663 15185 11903 1071 21196 31591 13428 25472 17432 11056 20640 1774 11785 23779 21979 14723 14119 20502 3585 7103 23893 13758 11447 4712 119 12493 14489 4629 12946 1405 7887 14381 25052 3202 32719 4327 16405 31269 18238 12529 16769 23683 0 11822 19750 21337 13917 4006 4931 22197 27505 29236 10357 6599 28290 1898 985 21447 1084 592 18725 8996 29855 24828 15338 17342 14428 29795 30742 30037 5506 6767 5053 9793 28505 24146 3609 13924 19854 29465 12239 26206 24209 15492 16499 18175 31036 23061 13647 15618 25013 26727 15712 
6868 9758 7958 4313 30974 6439 10176 5706 7038 3676 11333 7462 19949 5912 20972 9535 12890 26052 29859 14486 20663 24199 13490 6741 25141 2257 27352 22630 15433 40 13037 29857 26068 24958 42 23888 53 6538 26946 30731 17610 26484 3413 5299 26248 24122 7672 14709 11857 11822 0 27896 21909 27841 20130 9090 9034 7915 6286 3523 20666 1344 32736 22037 5416 5893 1949 30971 10844 22777 19285 26200 14590 10285 28325 17118 25668 10006 9729 24008 14541 225 15536 11980 716 30470 15384 28747 20328 27936 6204 10700 7523 26364 1411 16040 250 11504 23483 21766 
25547 24221 6191 24355 14270 2303 25705 2363 9853 29643 22867 26633 19135 9762 22830 7208 31163 236 24998 19199 12259 29105 7604 30432 10687 25333 25679 20274 32255 3818 4998 23041 6366 15441 28317 20308 7171 14469 29909 23987 24828 5224 3454 22056 12137 17723 25836 27956 8968 19750 27896 0 16141 2670 10845 10506 9088 23256 25107 8266 5857 22678 14199 12674 14155 25191 8990 29832 30858 10996 8917 28290 3967 1707 8234 28246 11462 19402 8239 3426 19095 30906 8314 10350 4586 5279 17776 25822 6879 32301 15812 5676 3164 7357 32570 6038 24312 10144 16561 28180 
27644 18588 19815 31185 29170 12760 6962 9010 25629 26909 26153 12158 2505 5967 24901 3264 16683 8551 12074 12420 26653 24791 31601 24684 8346 893 28053 12993 29065 9364 9905 8891 9102 1790 22045 12157 20580 30783 1048 24464 27256 19093 31896 11728 2397 906 18277 22421 1710 21337 21909 16141 0 18200 30643 21856 18061 2647 5939 19808 9290 17452 979 32618 21419 24007 22284 24547 29977 15675 18613 18709 13371 28642 16339 6336 32621 21501 26034 18129 21358 1436 28469 22897 28504 4798 4202 23105 1238 15032 20065 12516 14481 15579 9023 1727 1771 31313 10382 6140 
32662 6422 22888 20053 235 19357 10548 22171 11224 14902 14295 12022 13337 24408 28442 3497 13716 9487 9253 20710 27936 18661 24227 12779 15891 10490 13043 28782 726 17975 7162 25264 2438 17013 12356 1430 22740 17540 21768 32557 27705 30435 12472 1267 424 18706 5553 15945 21968 13917 27841 2670 18200 0 24816 28488 15319 5589 5513 18259 20851 32271 23283 4364 27038 3012 3184 21759 23501 9574 28733 5059 27714 27649 6595 28522 24541 20416 15377 1052 565 19891 138 13310 20967 15055 13787 27224 18222 16439 27441 6648 26804 27834 19368 31441 8872 32668 19974 19176 
32757 24946 19156 912 30833 2324 15881 27489 15748 3561 32168 1146 10004 4415 5177 23243 19932 31226 6922 18271 2095 8681 11197 12279 24637 10103 14522 32203 2401 26 1717 1623 12600 30412 13388 5123 22530 22795 26624 14248 8965 13224 24450 3751 23168 10189 13976 13465 31708 4006 20130 10845 30643 24816 0 5137 20633 3241 5745 18018 31015 22974 19252 846 8956 25524 6966 15581 8144 32240 29334 15296 11876 25027 1205 2018 4291 31641 13465 16191 22471 6259 23700 20217 2016 1943 14624 17064 31505 1157 31502 7666 9275 32046 17632 29789 6046 2145 6003 13152 
20037 27506 11511 10808 19711 6477 300 18240 19923 28489 20825 18392 16337 1908 13877 27649 25452 28162 10635 15813 24365 3652 23692 18283 18413 4750 31088 17461 3034 25089 8692 6915 10819 14855 25452 6464 13675 7266 22511 29556 18023 28094 17241 2019 20027 11156 10670 16016 2641 4931 9090 10506 21856 28488 5137 0 31901 8326 29153 21184 19649 30350 10405 24346 1025 28970 14336 4795 9793 11323 5532 28856 15896 3210 17776 5692 14550 15290 13795 13852 17350 8315 10036 29361 3760 9984 8729 2534 6050 28082 16806 1936 25584 10790 21617 29182 19066 23116 6388 9425 
12859 13030 16202 1832 25760 5108 14413 12164 3359 24948 9676 13037 2623 17223 25770 22015 2741 16955 1643 27415 11874 8753 19771 20667 11400 17233 1563 8290 12759 2503 19539 8072 14318 21060 3154 4074 24320 18633 7954 20170 20769 3582 4641 19991 28148 30345 9085 21860 27732 22197 9034 9088 18061 15319 20633 31901 0 13101 5610 6450 19982 28621 5193 27038 16754 4593 14895 20280 5638 25167 17420 4345 16883 23865 24696 30833 10390 22632 20189 17839 20183 13817 22129 6753 10679 18613 10600 8252 15145 19861 2151 28318 28963 7813 14907 29554 31476 617 11211 25429 
8723 16413 2634 20945 18896 21113 16641 25542 32257 1282 15629 3925 28664 11759 702 26841 4954 23183 28888 6085 7720 24033 20363 30836 22816 10722 25834 19662 10393 30066 28047 17929 2290 7093 30466 4346 25790 13509 4235 5450 11715 8867 5646 18166 31993 12351 32652 16497 12437 27505 7915 23256 2647 5589 3241 8326 13101 0 2264 15966 19531 29942 10698 19522 31155 27587 15257 23158 4464 13762 8510 30946 31065 8380 13165 5946 13540 27297 8042 14464 23194 12584 10270 32715 32200 1206 32106 31302 24696 8833 7611 19067 415 6645 30175 6354 23448 24919 13079 27988 
9741 29168 24272 4313 4667 14887 19855 7619 24766 13653 28650 10647 9970 26434 14364 189 6813 8394 8153 318 26835 32029 29301 24125 31690 24271 9850 22307 30548 26412 10946 841 14984 8472 11833 13837 13377 24557 1127 27182 20253 8627 23525 5717 10382 6923 1751 18335 11684 29236 6286 25107 5939 5513 5745 29153 5610 2264 0 26321 7592 31597 22197 13509 8652 71 658 14122 26859 7997 10999 1899 4120 1320 32036 16984 4912 1915 23953 19485 20741 10199 11567 4208 6844 30169 29681 4879 21108 17207 5259 25706 23849 24075 28026 20124 27607 17774 2884 20128 
27529 900 20055 27756 7285 19801 24855 20913 4944 30674 2598 29458 25608 5204 1381 16100 2862 30180 13232 3580 25680 15987 22363 24118 13162 19611 17022 20997 27273 6840 19103 4715 16339 25402 27760 1981 10998 2317 14633 7301 31805 22005 28213 25846 29271 7118 30397 5190 32499 10357 3523 8266 19808 18259 18018 21184 6450 15966 26321 0 24546 3145 20481 11714 20149 24168 13338 20307 26793 23504 1105 1697 18217 15955 16641 2343 26133 32097 679 20736 19555 25633 1954 930 10252 19904 20279 12488 24870 31754 26072 32176 26701 15415 18086 4231 17480 19975 30260 20514 
778 32591 20328 28321 12550 22850 13142 7591 14955 2220 3309 6602 30568 29486 16590 19812 10396 16097 4747 1331 8976 7042 7721 12737 8935 18990 7240 31151 18792 12570 30231 17615 2556 32676 26919 25318 16586 26134 28240 13293 23684 11146 16824 17093 27669 31550 19751 5677 32701 6599 20666 5857 9290 20851 31015 19649 19982 19531 7592 24546 0 8938 16657 14990 19438 28981 15447 5242 24618 16070 25631 24061 27219 28781 20990 12833 8672 1563 21302 502 26928 30721 24898 31447 10945 28406 2222 8686 5794 23577 12844 18683 21547 13240 485 16464 31723 20337 16653 27168 
12316 18762 22646 19558 140 14460 11462 6704 23318 5402 4693 30807 19281 4319 8823 30648 15460 3065 28680 7267 18455 26253 3565 18028 29126 30338 21911 18423 16193 14676 24115 12536 25808 13543 25631 26611 21604 32053 1862 24099 29478 32686 17929 3187 893 2097 29001 28049 29869 28290 1344 22678 17452 32271 22974 30350 28621 29942 31597 3145 8938 0 28130 15255 1466 4858 22512 29656 3318 13201 142 21276 31506 32702 10684 15023 30270 26312 8250 13475 20311 26850 19195 5488 11520 26101 20183 24798 27892 18848 6784 30245 12187 14462 28343 18258 16859 8871 14016 8172 
3035 1655 26362 23646 13694 22428 27611 31818 32726 6923 4686 4098 7085 958 2237 9523 20615 27065 19926 8387 5725 20083 17421 32119 19410 21641 9492 8890 12933 25395 839 14957 4632 7373 6738 16292 4489 18135 15127 23332 32145 16589 8695 1421 20877 11836 435 21005 28583 1898 32736 14199 979 23283 19252 10405 5193 10698 22197 20481 16657 28130 0 22832 24441 17683 16088 22015 13976 18516 18298 39 31283 3205 19997 29146 5769 23675 917 9387 15020 6030 17442 21735 32389 20373 3480 12073 10777 786 8381 31785 522 18345 20979 16085 15713 30935 19735 30883 
22190 17410 4886 27982 2695 12993 30877 9232 25411 3831 30080 27830 9152 5945 8023 19851 10904 2513 25678 13444 4071 11420 23445 20577 19877 23258 5651 16717 30137 28641 25858 27759 21478 6266 21267 17591 19631 12258 27577 19044 21840 20540 25403 22912 1014 10591 16693 7886 29256 985 22037 12674 32618 4364 846 24346 27038 19522 13509 11714 14990 15255 22832 0 2186 16096 20648 2085 14752 521 9260 21982 6636 7688 19919 17236 26792 27065 19278 4198 31496 26386 21011 10976 7547 12121 23202 7245 6702 28564 31539 2572 2257 2370 21920 31654 19359 11080 7298 23391 
1842 6359 18875 481 21624 27384 20424 750 21025 19369 10116 29292 18373 26806 32179 24474 2599 9261 6450 23186 24808 15814 18610 10737 11382 19047 28580 6640 17103 29986 20829 700 26814 27651 25776 3832 29744 2593 23817 32331 833 18237 12594 6867 19104 13406 15072 23388 19692 21447 5416 14155 21419 27038 8956 1025 16754 31155 8652 20149 19438 1466 24441 2186 0 23960 30510 29591 25867 22033 1675 12136 30499 17775 25790 14376 31256 20272 20703 5086 20967 9515 23542 23495 3566 18456 14186 8437 19198 12626 18364 1085 31665 18908 20340 1360 2814 21154 18012 19752 
288 27624 28433 4144 28019 19405 32678 25205 20355 3878 12249 14600 28652 8166 16595 28633 20136 12578 14801 14507 13559 32718 495 14091 26260 2352 15477 28703 3690 17651 2645 13452 13787 15275 21098 27123 8388 17843 2340 75 19285 22850 7993 28299 484 4510 17916 18675 7640 1084 5893 25191 24007 3012 25524 28970 4593 27587 71 24168 28981 4858 17683 16096 23960 0 3338 8706 12525 30630 29249 23179 3079 8313 28838 32517 8421 14145 5991 1969 21839 24308 16565 23762 19473 23681 21970 23147 27053 22708 6508 16715 4429 31066 27689 14663 11771 5541 16259 18631 
30106 20537 29869 23196 2125 6540 1752 4975 31001 20259 26667 7278 8194 18700 20169 29891 4680 21078 24961 4360 9156 12244 16741 20556 27189 9658 27616 5566 28211 21109 3394 5093 7239 21528 24314 6461 26610 21693 10142 31004 26900 18759 26067 32444 2943 25813 6716 13143 12087 592 1949 8990 22284 3184 6966 14336 14895 15257 658 13338 15447 22512 16088 20648 30510 3338 0 23572 2514 10966 25988 18170 28168 22199 655 3850 13444 12936 16278 19406 29427 10313 7523 32371 23327 17073 23461 2173 9934 31102 25587 31417 31463 6153 26126 20595 1495 29213 2406 27370 
9040 21548 20142 20222 26576 31111 18443 1539 22549 19008 1528 20799 9876 11367 2327 27200 9198 16878 14199 17827 5602 31063 15022 22795 26705 479 29876 4883 13694 8187 17199 24241 28074 532 16320 16991 18718 16466 15100 19050 10968 9578 22187 29897 11495 14651 25328 17377 15012 18725 30971 29832 24547 21759 15581 4795 20280 23158 14122 20307 5242 29656 22015 2085 29591 8706 23572 0 23859 23305 22496 24833 24223 4852 17879 30519 6126 7793 31585 21465 31371 15444 17107 17271 24087 28099 16519 8596 5715 17552 22492 14753 8257 27590 24959 13357 10886 7809 5865 25686 
8942 6483 23844 7129 21694 28704 28296 303 9496 22619 26679 18352 23826 17692 12042 19854 27032 14140 20855 28074 17832 7229 31812 16060 13874 25302 19178 23661 24668 20083 19645 11829 25020 10761 13053 31461 26919 22951 28400 15026 23994 28956 4640 1201 26811 25880 1511 10130 13810 8996 10844 30858 29977 23501 8144 9793 5638 4464 26859 26793 24618 3318 13976 14752 25867 12525 2514 23859 0 32019 259 22313 2435 1028 4101 10468 22869 456 6731 7578 26074 11395 30843 31274 13316 15024 30511 18585 5722 8971 10057 14095 8174 5038 2183 26658 17295 25722 16983 6231 
19264 27595 1416 2161 22658 12835 12673 11422 18584 23971 7864 20448 28396 21787 31310 9990 14387 4611 26363 26431 7905 20652 29151 21901 2663 32683 5220 22659 32627 21085 14272 12448 10827 5469 24007 27330 18259 18140 6558 14066 16633 32677 25079 3328 1293 27844 32125 28487 5820 29855 22777 10996 15675 9574 32240 11323 25167 13762 7997 23504 16070 13201 18516 521 22033 30630 10966 23305 32019 0 29503 2232 24300 15590 21480 17408 15505 32702 22858 9818 10557 15561 24120 5028 23656 25713 3332 23092 17182 26467 11320 7358 21074 3987 9094 4983 21364 27264 19714 26746 
